thumb_0:  (-0.0171768088,   -0.005328437,     -0.04722151)
thumb_1:  (-0.0171768088,   -0.005328437,     -0.04722151)
thumb_2:  (-0.0441525653,   -0.0180403776,    -0.0190102048)
thumb_3:  (-0.0587911047,   -0.0284857173,     0.00158633711)
thumb_4:  (-0.06701684,     -0.0365361273,     0.0164110046)
index_0:  (-0.0105447853,    0.0107516823,    -0.0384215042)
index_1:  (-0.02058801,      0.00177443,       0.0205611)
index_2:  (-0.02399447,     -0.00226230221,    0.0546068773)
index_3:  (-0.02562961,     -0.011312088,      0.071669504)
index_4:  (-0.0265380759,   -0.0207160488,     0.08159276)
middle_0: (-0.000785139855,  0.0120647727,    -0.036062967)
middle_1: (-0.00247634132,   0.00355186313,    0.0206517186)
middle_2: (-0.000318715436,  0.001061223,      0.0591646731)
middle_3: (-0.000107877961, -0.00733827427,    0.08036449)
middle_4: (-0.000581249944, -0.0163792726,     0.0924119353)
ring_0:   (0.009244461,      0.0111957956,    -0.0352118239)
ring_1:   (0.0154962251,     0.003553084,      0.01534621)
ring_2:   (0.0222757421,     0.00117817568,    0.05044881)
ring_3:   (0.02468319,      -0.00772947259,    0.0706570745)
ring_4:   (0.0250911769,    -0.0174975973,     0.0820113048)
pinky_0:  (0.01901743,       0.005049775,     -0.03713626)
pinky_1:  (0.031385567,      1.58971329E-06,   0.008639497)
pinky_2:  (0.0424136855,    -0.00324703031,    0.0345601439)
pinky_3:  (0.0457972,       -0.0109336711,     0.0478070565)
pinky_4:  (0.0467846133,    -0.0206511971,     0.0575880148)
